
================================================================================
================================================================================
================================================================================
================================================================================
    总量: 40.0 ml, 气泵PWM: 50
    时长: 120.1s
    总量: 40.0 ml, 气泵PWM: 50
    时长: 120.0s
    总量: 40.0 ml, 气泵PWM: 50
    时长: 120.1s
    总量: 40.0 ml, 气泵PWM: 50
    时长: 120.1s
    总量: 40.0 ml, 气泵PWM: 50
    时长: 120.1s
    总量: 40.0 ml, 气泵PWM: 50
    时长: 120.1s
    总量: 40.0 ml, 气泵PWM: 50
    时长: 120.1s
    总量: 40.0 ml, 气泵PWM: 50
    时长: 120.1s
    总量: 40.0 ml, 气泵PWM: 50
    时长: 120.1s
    总量: 40.0 ml, 气泵PWM: 50
    时长: 120.1s
    总量: 40.0 ml, 气泵PWM: 50
    时长: 120.1s
    总量: 40.0 ml, 气泵PWM: 50
    时长: 120.1s
    总量: 40.0 ml, 气泵PWM: 50
    时长: 120.1s
    总量: 40.0 ml, 气泵PWM: 50
    时长: 120.0s
    总量: 40.0 ml, 气泵PWM: 50
    时长: 120.1s
    总量: 40.0 ml, 气泵PWM: 50
    时长: 120.1s
    总量: 40.0 ml, 气泵PWM: 50
    时长: 120.1s
    总量: 40.0 ml, 气泵PWM: 50
    时长: 120.1s
    总量: 40.0 ml, 气泵PWM: 50
    时长: 120.1s
    总量: 40.0 ml, 气泵PWM: 50
    时长: 120.1s
    总量: 40.0 ml, 气泵PWM: 50
    时长: 120.1s
    总量: 40.0 ml, 气泵PWM: 50
    时长: 120.1s
    总量: 40.0 ml, 气泵PWM: 50
    时长: 120.1s
    总量: 40.0 ml, 气泵PWM: 50
    时长: 120.1s
    总量: 40.0 ml, 气泵PWM: 50
    时长: 120.1s
    总量: 40.0 ml, 气泵PWM: 50
    时长: 120.1s
    总量: 40.0 ml, 气泵PWM: 50
    时长: 120.1s
    总量: 40.0 ml, 气泵PWM: 50
    时长: 120.1s
    总量: 40.0 ml, 气泵PWM: 50
    时长: 120.1s
    总量: 40.0 ml, 气泵PWM: 50
    时长: 120.1s
    总量: 40.0 ml, 气泵PWM: 50
    时长: 120.1s
    总量: 40.0 ml, 气泵PWM: 50
    时长: 120.1s
    总量: 40.0 ml, 气泵PWM: 50
    时长: 120.1s
    总量: 40.0 ml, 气泵PWM: 50
    时长: 120.1s
    总量: 40.0 ml, 气泵PWM: 50
    时长: 120.1s
    总量: 40.0 ml, 气泵PWM: 50
    时长: 120.1s
    总量: 40.0 ml, 气泵PWM: 50
    时长: 120.1s
    总量: 40.0 ml, 气泵PWM: 50
    时长: 120.1s
    总量: 40.0 ml, 气泵PWM: 50
    时长: 120.1s
    总量: 40.0 ml, 气泵PWM: 50
    时长: 120.1s
    总量: 40.0 ml, 气泵PWM: 50
    时长: 120.1s
    总量: 40.0 ml, 气泵PWM: 50
    时长: 120.1s
    总量: 40.0 ml, 气泵PWM: 50
    时长: 120.0s
    总量: 40.0 ml, 气泵PWM: 50
    时长: 120.1s
    总量: 40.0 ml, 气泵PWM: 50
    时长: 120.1s
    总量: 40.0 ml, 气泵PWM: 50
    时长: 120.1s
    总量: 40.0 ml, 气泵PWM: 50
    时长: 120.1s
    总量: 40.0 ml, 气泵PWM: 50
    时长: 120.1s
    总量: 40.0 ml, 气泵PWM: 50
    时长: 120.1s
    总量: 40.0 ml, 气泵PWM: 50
    时长: 120.1s
    总量: 40.0 ml, 气泵PWM: 50
    时长: 120.1s
    总量: 40.0 ml, 气泵PWM: 50
    时长: 120.1s
    总量: 40.0 ml, 气泵PWM: 50
    时长: 120.1s
    总量: 40.0 ml, 气泵PWM: 50
    时长: 120.1s
    总量: 40.0 ml, 气泵PWM: 50
    时长: 120.1s
    总量: 40.0 ml, 气泵PWM: 50
    时长: 120.1s
    总量: 40.0 ml, 气泵PWM: 50
    时长: 120.1s
    总量: 40.0 ml, 气泵PWM: 50
    时长: 120.1s
    总量: 40.0 ml, 气泵PWM: 50
    时长: 120.1s
    总量: 40.0 ml, 气泵PWM: 50
    时长: 120.1s
    总量: 40.0 ml, 气泵PWM: 50
    时长: 120.1s
    总量: 40.0 ml, 气泵PWM: 50
    时长: 120.1s
    总量: 40.0 ml, 气泵PWM: 50
    时长: 120.1s
    总量: 40.0 ml, 气泵PWM: 50
    时长: 120.1s
    总量: 40.0 ml, 气泵PWM: 50
    时长: 120.1s
    总量: 40.0 ml, 气泵PWM: 50
    时长: 120.1s
    总量: 40.0 ml, 气泵PWM: 50
    时长: 120.1s
    总量: 40.0 ml, 气泵PWM: 50
    时长: 120.1s
    总量: 40.0 ml, 气泵PWM: 50
    时长: 120.1s
    总量: 40.0 ml, 气泵PWM: 50
    时长: 120.1s
    总量: 40.0 ml, 气泵PWM: 50
    时长: 120.1s
    总量: 40.0 ml, 气泵PWM: 50
    时长: 120.1s
    总量: 40.0 ml, 气泵PWM: 50
    时长: 120.1s
    总量: 40.0 ml, 气泵PWM: 50
    时长: 120.1s
    总量: 40.0 ml, 气泵PWM: 50
    时长: 120.1s
    总量: 40.0 ml, 气泵PWM: 50
    时长: 120.1s
    总量: 40.0 ml, 气泵PWM: 50
    时长: 120.1s
    总量: 40.0 ml, 气泵PWM: 50
    时长: 120.1s
    总量: 40.0 ml, 气泵PWM: 50
    时长: 120.1s
    总量: 40.0 ml, 气泵PWM: 50
    时长: 120.1s
    总量: 40.0 ml, 气泵PWM: 50
    时长: 120.1s
    总量: 40.0 ml, 气泵PWM: 50
    时长: 120.1s
    总量: 40.0 ml, 气泵PWM: 50
    时长: 120.1s
    总量: 40.0 ml, 气泵PWM: 50
    时长: 120.1s
    总量: 40.0 ml, 气泵PWM: 50
    时长: 120.1s
    总量: 40.0 ml, 气泵PWM: 50
    时长: 120.1s
    总量: 40.0 ml, 气泵PWM: 50
    时长: 120.1s
    总量: 40.0 ml, 气泵PWM: 50
    时长: 120.1s
    总量: 40.0 ml, 气泵PWM: 50
    时长: 120.1s
    总量: 40.0 ml, 气泵PWM: 50
    时长: 120.1s
    总量: 40.0 ml, 气泵PWM: 50
    时长: 120.1s
    总量: 40.0 ml, 气泵PWM: 50
    时长: 120.1s
    总量: 40.0 ml, 气泵PWM: 50
    时长: 120.1s
    总量: 40.0 ml, 气泵PWM: 50
    时长: 120.1s
    总量: 40.0 ml, 气泵PWM: 50
    时长: 120.1s
    总量: 40.0 ml, 气泵PWM: 50
    时长: 120.1s
    总量: 40.0 ml, 气泵PWM: 50
    时长: 120.1s
    总量: 40.0 ml, 气泵PWM: 50
    时长: 120.1s
    总量: 40.0 ml, 气泵PWM: 50
    时长: 120.1s
    总量: 40.0 ml, 气泵PWM: 50
    时长: 120.1s
    总量: 40.0 ml, 气泵PWM: 50
    时长: 120.1s
    总量: 40.0 ml, 气泵PWM: 50
    时长: 120.1s
    总量: 40.0 ml, 气泵PWM: 50
    时长: 120.1s
    总量: 40.0 ml, 气泵PWM: 50
    时长: 120.1s
    总量: 40.0 ml, 气泵PWM: 50
    时长: 120.1s
    总量: 40.0 ml, 气泵PWM: 50
    时长: 120.1s
    总量: 40.0 ml, 气泵PWM: 50
    时长: 120.1s
    总量: 40.0 ml, 气泵PWM: 50
    时长: 120.1s
    总量: 40.0 ml, 气泵PWM: 50
    时长: 120.1s
    总量: 40.0 ml, 气泵PWM: 50
    时长: 120.1s
    总量: 40.0 ml, 气泵PWM: 50
    时长: 120.1s
    总量: 40.0 ml, 气泵PWM: 50
    时长: 120.1s
    总量: 40.0 ml, 气泵PWM: 50
    时长: 120.1s
    总量: 40.0 ml, 气泵PWM: 50
    时长: 120.1s
    总量: 40.0 ml, 气泵PWM: 50
    时长: 120.1s
    总量: 40.0 ml, 气泵PWM: 50
    时长: 120.1s
    总量: 40.0 ml, 气泵PWM: 50
    时长: 120.1s
    总量: 40.0 ml, 气泵PWM: 50
    时长: 120.1s
    总量: 40.0 ml, 气泵PWM: 50
    时长: 120.1s
    总量: 40.0 ml, 气泵PWM: 50
    时长: 120.1s
    总量: 40.0 ml, 气泵PWM: 50
    时长: 120.1s
    总量: 40.0 ml, 气泵PWM: 50
    时长: 120.1s
    总量: 40.0 ml, 气泵PWM: 50
    时长: 120.1s
    总量: 40.0 ml, 气泵PWM: 50
    时长: 120.1s
    总量: 40.0 ml, 气泵PWM: 50
    时长: 120.1s
    总量: 40.0 ml, 气泵PWM: 50
    时长: 120.1s
    总量: 40.0 ml, 气泵PWM: 50
    时长: 120.1s
    总量: 40.0 ml, 气泵PWM: 50
    时长: 120.1s
    总量: 40.0 ml, 气泵PWM: 50
    时长: 120.1s
    总量: 40.0 ml, 气泵PWM: 50
    时长: 120.1s
    总量: 40.0 ml, 气泵PWM: 50
    时长: 120.1s
    总量: 40.0 ml, 气泵PWM: 50
    时长: 120.1s
    总量: 40.0 ml, 气泵PWM: 50
    时长: 120.1s
    总量: 40.0 ml, 气泵PWM: 50
    时长: 120.1s
    总量: 40.0 ml, 气泵PWM: 50
    时长: 120.1s
    总量: 40.0 ml, 气泵PWM: 50
    时长: 120.1s
    总量: 40.0 ml, 气泵PWM: 50
    时长: 120.1s
    总量: 40.0 ml, 气泵PWM: 50
    时长: 120.1s
================================================================================
================================================================================
  Sensor |    Count |          Min |          Max |         Mean |        Std |  Span(s)
  ------ | -------- | ------------ | ------------ | ------------ | ---------- | --------
       0 |    13617 |     147465.4 |    1062240.6 |     790622.3 |   172869.3 |     9529
       1 |    13716 |     335188.2 |    4958838.0 |     759071.9 |   777691.9 |     9529
       2 |    13789 |      40933.8 |     401018.2 |     307298.7 |    70874.3 |     9529
       3 |     8948 |     122840.7 |  102400000.0 |   24478751.7 | 36195492.1 |     9529
       4 |    13725 |     105982.2 |     785426.6 |     580567.8 |   130537.0 |     9529
       5 |    13616 |     294930.9 |   18108870.0 |    1357799.4 |  2543999.9 |     9529
       6 |    13785 |      38846.7 |     382589.2 |     288251.8 |    71316.7 |     9529
       7 |     8874 |     108820.4 |  102400000.0 |   25127921.9 | 37483013.5 |     9529
  Sensor |    Count |          Min |          Max |         Mean |        Std |  Span(s)
  ------ | -------- | ------------ | ------------ | ------------ | ---------- | --------
       0 |    18798 |       1477.9 |  102400000.0 |    2491247.9 | 10967248.1 |    16028
       1 |    18998 |       1650.8 |  102400000.0 |    2635785.8 | 11927776.0 |    16015
       2 |    18784 |       1510.6 |  102400000.0 |    1833290.5 | 10745982.2 |    16004
       3 |    19117 |       1488.6 |  102400000.0 |    2508148.2 | 12748208.5 |    16021
       4 |    18835 |       1489.5 |  102400000.0 |    2525140.3 | 11985013.0 |    16015
       5 |    18801 |       1451.4 |  102400000.0 |    2680713.1 | 12900988.3 |    16028
       6 |    19796 |       1549.2 |  102400000.0 |    3207730.1 | 14716061.6 |    16023
       7 |    18894 |       1702.5 |  102400000.0 |    2248956.6 | 11717322.4 |    16021
  Sensor |    Count |          Min |          Max |         Mean |        Std |  Span(s)
  ------ | -------- | ------------ | ------------ | ------------ | ---------- | --------
       0 |     9510 |       1421.2 |  101213896.0 |    1345567.7 |  5317754.2 |     7004
       1 |     9602 |       1421.2 |  101213896.0 |     750510.1 |  4195982.2 |     7004
       2 |     9605 |       1421.2 |  101213896.0 |     585519.0 |  3540902.4 |     7004
       3 |     9659 |       1421.2 |   94945312.0 |     788249.7 |  4228821.4 |     7004
       4 |     9635 |       1421.2 |  101213896.0 |    1048652.7 |  4968561.1 |     7004
       5 |     9537 |       1421.2 |  101685024.0 |     830661.7 |  3880443.6 |     7004
       6 |     9716 |       1421.2 |  101213896.0 |     786768.0 |  5067894.8 |     7004
       7 |     9553 |       1421.2 |   95672992.0 |    1340959.3 |  4371980.4 |     7004
================================================================================
================================================================================
         0 |    171 |     794106.3 |     863406.4 |     810713.8
         1 |    173 |    3399875.5 |    4050432.7 |    3683956.4
         2 |    174 |     301442.4 |     332899.9 |     307062.3
         3 |    114 |     407968.1 |   99598784.0 |   28619419.9
         4 |    173 |     582314.5 |     651814.1 |     598130.4
         5 |    171 |   10017732.0 |   12962025.0 |   11327029.2
         6 |    174 |     283892.4 |     341219.6 |     289891.5
         7 |    113 |     402199.5 |  102400000.0 |   29972363.9
         0 |    171 |     614277.1 |     979904.3 |     737862.8
         1 |    173 |    2665799.0 |    3246285.0 |    2893279.3
         2 |    173 |     179397.3 |     378138.8 |     277489.6
         3 |    112 |     362606.2 |  102400000.0 |   26101051.7
         4 |    172 |     459295.8 |     733787.2 |     543829.2
         5 |    171 |    7289877.5 |    9429640.0 |    8149831.0
         6 |    174 |     167429.7 |     366106.5 |     259099.8
         7 |    111 |     362221.4 |  102400000.0 |   27287167.5
         0 |    172 |     763894.1 |     986275.0 |     822724.5
         1 |    172 |    2286352.2 |    2594868.5 |    2416231.7
         2 |    174 |     251473.5 |     380457.0 |     310307.7
         3 |    115 |     399609.7 |   99259368.0 |   28140818.3
         4 |    173 |     571109.9 |     734576.8 |     606914.9
         5 |    172 |    5622512.0 |    7013698.5 |    6234192.9
         6 |    174 |     234217.8 |     376055.8 |     288866.9
         7 |    111 |     402674.0 |  102400000.0 |   30352538.8
         0 |    171 |     852090.7 |     991287.5 |     873058.4
         1 |    172 |    1981136.6 |    2219452.8 |    2088702.0
         2 |    174 |     314786.3 |     382589.2 |     329534.4
         3 |    114 |     420533.9 |  102400000.0 |   29612333.5
         4 |    173 |     633075.8 |     733787.2 |     645731.5
         5 |    172 |    4497392.5 |    5503527.0 |    4929910.1
         6 |    173 |     293662.2 |     377302.9 |     305433.0
         7 |    111 |     413653.8 |  102400000.0 |   32109814.4
         0 |    171 |     505928.8 |     984142.3 |     713442.2
         1 |    173 |    1664702.3 |    1921200.8 |    1758663.8
         2 |    174 |     130048.3 |     380245.1 |     275886.0
         3 |    112 |     337174.8 |  102400000.0 |   24332159.3
         4 |    173 |     382160.8 |     725983.7 |     525470.6
         5 |    172 |    3429767.8 |    4299134.0 |    3775052.3
         6 |    173 |     121183.4 |     368080.5 |     255251.8
         7 |    113 |     355802.7 |  102400000.0 |   25634660.0
         0 |    171 |     368080.5 |     959925.0 |     576409.1
         1 |    173 |    1344714.4 |    1642671.0 |    1437880.8
         2 |    174 |     103101.1 |     367684.0 |     221650.6
         3 |    114 |     273650.5 |   92434416.0 |   17978390.3
         4 |    172 |     274973.2 |     712347.8 |     418145.0
         5 |    172 |    2495278.7 |    3327376.0 |    2770452.2
         6 |    174 |      95486.8 |     359550.6 |     205548.5
         7 |    113 |     263713.6 |  102400000.0 |   18055807.0
         0 |    172 |     743375.7 |     968779.6 |     797034.4
         1 |    173 |    1215430.2 |    1335507.0 |    1270932.0
         2 |    173 |     255043.6 |     381520.1 |     304208.4
         3 |    110 |     367288.4 |   88145256.0 |   25379501.9
         4 |    173 |     552617.4 |     719859.4 |     587193.1
         5 |    172 |    2083948.1 |    2470446.2 |    2252956.9
         6 |    173 |     236982.2 |     364932.3 |     281809.4
         7 |    110 |     361454.3 |   94842256.0 |   25809897.6
         0 |    171 |     174090.5 |     972228.8 |     444985.6
         1 |    173 |     880103.1 |    1204705.9 |     956271.8
         2 |    173 |      44943.8 |     380669.2 |     172661.5
         3 |    114 |     150854.5 |  102400000.0 |   10978617.9
         4 |    173 |     129751.6 |     717589.4 |     318335.6
         5 |    171 |    1362155.0 |    2044932.6 |    1535654.6
         6 |    173 |      42524.9 |     361837.5 |     157512.6
         7 |    113 |     151121.6 |  102400000.0 |   10454690.8
         0 |    171 |     784073.5 |     986987.9 |     841804.7
         1 |    172 |     857980.7 |     900417.7 |     874719.5
         2 |    174 |     278109.7 |     396822.3 |     322302.9
         3 |    114 |     347118.7 |   83671880.0 |   23290451.5
         4 |    173 |     582811.6 |     733787.2 |     619462.6
         5 |    172 |    1252216.5 |    1378660.4 |    1307908.8
         6 |    174 |     256384.6 |     378768.2 |     294409.0
         7 |    111 |     347118.7 |   84973744.0 |   25318114.6
         0 |    172 |     833367.3 |    1017134.3 |     860617.7
         1 |    173 |     828311.4 |     871118.7 |     847160.6
         2 |    174 |     310773.9 |     393392.3 |     326004.6
         3 |    111 |     408700.8 |  100863408.0 |   29744512.9
         4 |    173 |     616496.1 |     747445.3 |     632651.6
         5 |    172 |    1156735.4 |    1266151.5 |    1203664.8
         6 |    173 |     284365.5 |     380881.5 |     299768.7
         7 |    112 |     401489.9 |  102400000.0 |   29325339.1
         0 |    171 |     182076.8 |     998537.3 |     443608.0
         1 |    172 |     636617.9 |     841067.8 |     678570.3
         2 |    173 |      51087.6 |     390467.1 |     170852.6
         3 |    115 |     164683.2 |  102400000.0 |   11035566.9
         4 |    173 |     133611.7 |     741760.3 |     318081.6
         5 |    172 |     822820.4 |    1166619.3 |     906181.7
         6 |    174 |      47770.1 |     378138.8 |     156413.1
         7 |    110 |     141124.6 |  102400000.0 |    9035003.3
         0 |    171 |     774291.1 |     994899.2 |     821584.2
         1 |    172 |     640200.1 |     655569.8 |     646430.4
         2 |    174 |     279019.1 |     398676.3 |     315022.2
         3 |    110 |     350325.0 |   83193904.0 |   24120448.9
         4 |    173 |     570632.5 |     747445.3 |     603389.8
         5 |    172 |     802507.8 |     856903.8 |     823980.4
         6 |    173 |     256192.1 |     380881.5 |     288896.0
         7 |    113 |     343624.2 |   82956960.0 |   24406892.5
         0 |    171 |     413403.3 |    1022466.3 |     629916.8
         1 |    173 |     600234.4 |     665151.0 |     614413.5
         2 |    174 |     113149.2 |     401018.2 |     243803.4
         3 |    113 |     274973.2 |  102400000.0 |   19778712.9
         4 |    173 |     303317.5 |     746627.8 |     458929.6
         5 |    172 |     716083.9 |     829821.7 |     748404.4
         6 |    174 |     102543.6 |     381094.2 |     221770.2
         7 |    110 |     265766.9 |  102400000.0 |   18346432.3
         0 |    171 |     805348.0 |    1006635.6 |     853340.9
         1 |    173 |     602884.9 |     622114.2 |     608108.2
         2 |    173 |     289674.7 |     396591.8 |     326514.5
         3 |    115 |     389131.7 |   91948088.0 |   26862219.2
         4 |    173 |     592935.8 |     748264.5 |     627861.5
         5 |    171 |     696361.8 |     739350.2 |     715338.5
         6 |    174 |     266389.2 |     380881.5 |     298091.6
         7 |    113 |     389798.2 |   99372248.0 |   27389897.0
         0 |    172 |     872231.7 |    1008867.0 |     892309.8
         1 |    173 |     601291.8 |     616496.1 |     607082.9
         2 |    174 |     332251.8 |     391138.3 |     338815.2
         3 |    110 |     419242.6 |  101096800.0 |   30297812.1
         4 |    173 |     644430.4 |     739350.2 |     656393.5
         5 |    171 |     673020.1 |     715333.6 |     691542.2
         6 |    174 |     301708.9 |     367684.0 |     308724.2
         7 |    110 |     411658.3 |  102400000.0 |   30874368.6
         0 |    172 |     861771.5 |    1007378.3 |     883762.1
         1 |    172 |     594484.8 |     617611.6 |     602888.5
         2 |    173 |     329684.5 |     387585.2 |     336009.4
         3 |    114 |     412404.3 |  102400000.0 |   30964632.3
         4 |    173 |     636024.9 |     736955.8 |     649885.4
         5 |    172 |     648717.1 |     692828.1 |     668135.9
         6 |    174 |     301442.4 |     367684.0 |     307438.9
         7 |    113 |     404104.2 |  102400000.0 |   29819900.5
         0 |    172 |     277883.3 |     994174.8 |     545943.0
         1 |    173 |     520193.0 |     601821.9 |     537873.2
         2 |    174 |      69584.1 |     389131.7 |     213653.2
         3 |    114 |     240997.9 |   88323448.0 |   15539386.9
         4 |    173 |     205581.2 |     735368.1 |     392867.1
         5 |    172 |     549503.6 |     661926.3 |     577999.0
         6 |    174 |      63335.0 |     366893.6 |     194680.1
         7 |    110 |     208469.1 |  102400000.0 |   13697169.6
         0 |    172 |     795031.1 |     981312.9 |     841649.7
         1 |    173 |     527427.3 |     536969.1 |     530753.9
         2 |    174 |     291405.8 |     387805.3 |     323787.5
         3 |    111 |     376263.1 |   87091032.0 |   26578731.3
         4 |    173 |     588844.2 |     723674.9 |     617885.0
         5 |    172 |     548179.9 |     573991.1 |     558435.8
         6 |    174 |     268062.8 |     368876.1 |     295146.7
         7 |    112 |     378138.8 |   91371208.0 |   26376863.0
         0 |    171 |     401726.2 |     994174.8 |     613794.2
         1 |    173 |     497087.4 |     543813.1 |     508409.7
         2 |    174 |     118162.9 |     390243.9 |     237190.7
         3 |    112 |     275639.3 |  102400000.0 |   19952261.7
         4 |    173 |     293662.2 |     729864.6 |     446043.5
         5 |    171 |     505180.1 |     569205.1 |     522172.5
         6 |    174 |     107315.0 |     366106.5 |     215725.1
         7 |    111 |     272993.9 |  102400000.0 |   19325328.0
         0 |    172 |     775170.3 |     982018.7 |     815156.4
         1 |    173 |     502576.7 |     513927.2 |     508014.5
         2 |    173 |     283656.5 |     387365.3 |     313583.7
         3 |    115 |     384096.0 |   89134312.0 |   25471947.6
         4 |    173 |     574957.9 |     727531.1 |     598238.4
         5 |    172 |     504806.5 |     529472.6 |     513481.0
         6 |    174 |     260294.9 |     376470.6 |     287702.4
         7 |    112 |     383448.8 |  100169656.0 |   27841193.3
         0 |    171 |     841067.8 |     975702.7 |     861623.2
         1 |    173 |     508946.3 |     520193.0 |     513774.4
         2 |    174 |     321911.3 |     386706.9 |     330412.4
         3 |    114 |     406027.0 |   99259368.0 |   28130880.4
         4 |    172 |     621547.8 |     725212.4 |     632494.7
         5 |    171 |     500000.0 |     527020.1 |     511985.3
         6 |    174 |     295441.4 |     365322.9 |     301864.0
         7 |    113 |     398443.6 |  102400000.0 |   29016368.3
         0 |    172 |     801095.3 |     963991.5 |     827702.4
         1 |    173 |     506679.9 |     521384.9 |     512590.3
         2 |    174 |     309646.2 |     380245.1 |     318139.5
         3 |    110 |     400782.8 |   99826352.0 |   28718202.7
         4 |    173 |     589861.8 |     719101.1 |     606829.8
         5 |    172 |     491716.7 |     519401.5 |     503238.8
         6 |    174 |     285554.9 |     361071.9 |     293341.5
         7 |    111 |     391362.5 |  102400000.0 |   29919423.5
         0 |    172 |     362221.4 |     961276.7 |     589282.6
         1 |    173 |     468757.2 |     519401.5 |     481328.3
         2 |    174 |     104875.1 |     381947.0 |     229024.3
         3 |    114 |     262295.1 |  102400000.0 |   18432300.0
         4 |    173 |     270827.8 |     704991.4 |     426059.2
         5 |    172 |     450208.8 |     510850.6 |     465814.5
         6 |    174 |      95326.8 |     361837.5 |     208565.7
         7 |    113 |     263306.7 |  102400000.0 |   18157718.3
         0 |    172 |     241851.7 |     960600.4 |     507371.6
         1 |    172 |     418728.3 |     485768.5 |     432027.9
         2 |    174 |      63808.6 |     380457.0 |     197765.4
         3 |    114 |     207203.6 |   85724000.0 |   13504355.8
         4 |    173 |     174446.3 |     697785.4 |     362303.1
         5 |    172 |     396591.8 |     470696.4 |     412776.7
         6 |    174 |      59081.5 |     359929.7 |     179831.6
         7 |    111 |     177531.2 |   95463944.0 |   12298436.6
         0 |    171 |     741760.3 |     948587.3 |     796020.1
         1 |    173 |     431157.9 |     439768.1 |     435013.9
         2 |    174 |     258912.8 |     378348.4 |     308399.5
         3 |    110 |     351769.2 |   82254160.0 |   24118084.1
         4 |    173 |     545987.8 |     700650.0 |     584340.0
         5 |    172 |     407724.5 |     419242.6 |     412246.7
         6 |    174 |     238139.5 |     356918.8 |     280401.6
         7 |    113 |     347826.1 |   82331656.0 |   23943083.3
         0 |    172 |     147465.4 |     960600.4 |     402966.3
         1 |    173 |     335188.2 |     455617.3 |     356778.9
         2 |    174 |      40933.8 |     380881.5 |     154761.6
         3 |    114 |     122840.7 |   99826352.0 |    8782506.0
         4 |    173 |     105982.2 |     707182.3 |     285661.5
         5 |    171 |     312195.1 |     431430.4 |     333559.9
         6 |    174 |      38846.7 |     359172.2 |     140023.7
         7 |    110 |     108820.4 |  101566832.0 |    6991400.0
         0 |    172 |     752111.6 |     981312.9 |     801933.9
         1 |    173 |     356546.0 |     379610.7 |     365209.3
         2 |    174 |     272993.9 |     390467.1 |     307420.4
         3 |    114 |     337842.3 |   80436944.0 |   22011317.2
         4 |    173 |     557127.3 |     729864.6 |     588251.2
         5 |    172 |     335188.2 |     345362.6 |     340099.4
         6 |    174 |     249087.8 |     363765.5 |     279785.1
         7 |    113 |     341561.0 |   80958616.0 |   23830909.2
         0 |    172 |     848911.9 |     986987.9 |     871991.4
         1 |    173 |     391138.3 |     404104.2 |     396941.7
         2 |    174 |     321608.0 |     382374.9 |     331465.6
         3 |    115 |     406027.0 |   94330336.0 |   27522332.3
         4 |    172 |     625534.5 |     723674.9 |     639530.0
         5 |    171 |     358417.9 |     366106.5 |     361650.2
         6 |    174 |     291405.8 |     355432.2 |     300138.2
         7 |    113 |     401726.2 |   99372248.0 |   28638982.7
         0 |    172 |     382160.8 |     994899.2 |     617594.9
         1 |    173 |     385832.7 |     420533.9 |     393570.1
         2 |    174 |     101567.1 |     384312.2 |     237605.9
         3 |    110 |     271042.9 |  101685024.0 |   18285232.0
         4 |    173 |     280394.3 |     736161.1 |     447307.3
         5 |    172 |     348892.7 |     388910.0 |     357234.6
         6 |    174 |      90555.4 |     363378.3 |     214616.6
         7 |    111 |     264736.3 |  102400000.0 |   19019011.8
         0 |    171 |     785426.6 |     981312.9 |     828096.0
         1 |    173 |     401489.9 |     410914.9 |     406069.0
         2 |    173 |     283656.5 |     384962.4 |     316582.7
         3 |    111 |     382160.8 |   91754984.0 |   27019835.9
         4 |    173 |     579841.4 |     719101.1 |     607935.4
         5 |    172 |     362221.4 |     378558.2 |     366835.3
         6 |    174 |     259898.5 |     361454.3 |     287799.6
         7 |    113 |     381094.2 |   97487544.0 |   26488884.2
         0 |    172 |     815448.9 |     979201.5 |     842215.1
         1 |    173 |     417703.4 |     424192.2 |     420581.2
         2 |    174 |     314496.3 |     381307.0 |     321733.9
         3 |    114 |     401489.9 |   99485392.0 |   27770256.2
         4 |    173 |     602352.9 |     719859.4 |     617823.8
         5 |    172 |     377929.5 |     388246.4 |     383275.2
         6 |    174 |     287237.0 |     359929.7 |     294600.0
         7 |    110 |     394757.1 |  102400000.0 |   29292829.4
         0 |    171 |     342589.5 |     977099.3 |     588738.5
         1 |    173 |     395901.8 |     435559.3 |     404572.3
         2 |    173 |     100787.4 |     381520.1 |     228296.1
         3 |    113 |     261892.6 |   99826352.0 |   18054389.3
         4 |    173 |     254663.0 |     713837.6 |     426469.6
         5 |    171 |     350684.9 |     398443.6 |     361294.9
         6 |    174 |      88950.7 |     362991.8 |     207241.3
         7 |    113 |     249451.9 |  102400000.0 |   17651040.4
         0 |    172 |     791344.7 |     984142.3 |     836714.4
         1 |    173 |     409190.8 |     420275.0 |     414581.1
         2 |    174 |     286754.4 |     388688.6 |     321122.7
         3 |    114 |     385832.7 |   88682000.0 |   25949295.4
         4 |    173 |     581818.2 |     722908.6 |     613459.3
         5 |    171 |     364932.3 |     380245.1 |     370316.4
         6 |    174 |     262093.7 |     366893.6 |     292175.5
         7 |    113 |     385614.7 |   99259368.0 |   27928922.0
         0 |    171 |     268907.6 |     995624.7 |     500691.2
         1 |    173 |     366106.5 |     431157.9 |     382684.9
         2 |    174 |      74570.3 |     387365.3 |     193462.8
         3 |    110 |     193353.5 |  101448920.0 |   12143032.9
         4 |    173 |     195345.3 |     720619.3 |     358819.1
         5 |    172 |     327470.4 |     392939.4 |     340289.5
         6 |    174 |      68357.8 |     364153.6 |     175361.7
         7 |    112 |     206326.8 |  102400000.0 |   13875959.8
         0 |    172 |     753772.6 |     968779.6 |     819558.4
         1 |    173 |     387145.6 |     397053.1 |     391904.7
         2 |    174 |     271258.3 |     385614.7 |     316311.2
         3 |    113 |     359172.2 |   84399224.0 |   25664741.5
         4 |    173 |     558038.1 |     713091.9 |     599733.6
         5 |    171 |     341903.2 |     349607.4 |     345004.1
         6 |    174 |     247821.9 |     360690.4 |     287310.9
         7 |    111 |     356173.9 |   89134312.0 |   25955814.0
         0 |    172 |     849968.9 |    1002938.3 |     874473.6
         1 |    173 |     404823.1 |     413403.3 |     409142.0
         2 |    173 |     325285.9 |     392036.7 |     333796.1
         3 |    114 |     402674.0 |   96732104.0 |   27654330.7
         4 |    173 |     625534.5 |     736161.1 |     640615.9
         5 |    172 |     356173.9 |     366499.7 |     359334.7
         6 |    174 |     295441.4 |     367684.0 |     302883.6
         7 |    112 |     394073.5 |  102400000.0 |   29441571.7
         0 |    171 |     204106.0 |     988417.0 |     455284.7
         1 |    173 |     337842.3 |     423140.5 |     354463.9
         2 |    174 |      56462.3 |     388246.4 |     177129.7
         3 |    112 |     152471.7 |  100863408.0 |   10045594.8
         4 |    173 |     145578.6 |     724442.9 |     325482.8
         5 |    172 |     300381.3 |     381520.1 |     315014.7
         6 |    174 |      52308.9 |     366893.6 |     159901.6
         7 |    111 |     142777.5 |  102400000.0 |   10200007.9
         0 |    172 |     766897.6 |     982725.5 |     827329.1
         1 |    173 |     357292.4 |     377511.5 |     362598.3
         2 |    174 |     270613.1 |     393846.2 |     318602.8
         3 |    110 |     351045.6 |   84726568.0 |   24319071.1
         4 |    173 |     564031.9 |     717589.4 |     606411.7
         5 |    171 |     318903.8 |     328731.9 |     323200.8
         6 |    174 |     246747.0 |     376678.3 |     288441.5
         7 |    113 |     352860.1 |   85305568.0 |   24551496.4
         0 |    172 |     403865.1 |    1001467.0 |     621314.0
         1 |    173 |     357292.4 |     391587.0 |     365100.9
         2 |    173 |     118738.4 |     391811.7 |     238610.8
         3 |    113 |     271474.0 |  102400000.0 |   18795703.9
         4 |    173 |     294422.1 |     740151.8 |     449915.7
         5 |    172 |     316831.7 |     345013.5 |     323837.7
         6 |    174 |     106711.1 |     367288.4 |     216143.4
         7 |    111 |     274089.9 |  102400000.0 |   19765578.0
         0 |    172 |     788147.0 |    1000000.0 |     826257.3
         1 |    172 |     382160.8 |     392262.0 |     386200.8
         2 |    174 |     287964.0 |     395443.1 |     317518.0
         3 |    114 |     386706.9 |   89043480.0 |   25924943.3
         4 |    173 |     580828.1 |     736161.1 |     605522.2
         5 |    171 |     333550.5 |     341903.2 |     337293.5
         6 |    174 |     261291.1 |     378348.4 |     289578.6
         7 |    113 |     387365.3 |  102400000.0 |   28748154.5
         0 |    171 |     859601.3 |     995624.7 |     880597.9
         1 |    173 |     399609.7 |     410667.7 |     404854.0
         2 |    174 |     326218.5 |     388246.4 |     336899.2
         3 |    112 |     418215.2 |  101448920.0 |   30512349.6
         4 |    173 |     632489.2 |     731428.6 |     646199.6
         5 |    172 |     349965.8 |     357292.4 |     352767.8
         6 |    173 |     297761.0 |     363378.3 |     305445.5
         7 |    113 |     412155.4 |  102400000.0 |   30121668.5
         0 |    171 |     870563.3 |    1000732.9 |     891831.5
         1 |    173 |     416175.6 |     424192.2 |     420004.0
         2 |    173 |     333876.7 |     389575.8 |     339789.2
         3 |    110 |     422355.1 |  102400000.0 |   30876837.6
         4 |    173 |     641403.1 |     720619.3 |     653891.9
         5 |    172 |     362221.4 |     377094.5 |     366224.8
         6 |    174 |     303048.2 |     367684.0 |     308622.1
         7 |    110 |     410420.8 |  102400000.0 |   31184614.8
         0 |    171 |     829317.7 |     994174.8 |     854409.6
         1 |    173 |     426577.8 |     433898.3 |     429467.9
         2 |    174 |     320100.0 |     389131.7 |     327898.5
         3 |    113 |     414658.8 |  102400000.0 |   31237129.4
         4 |    173 |     608799.1 |     734576.8 |     626209.0
         5 |    172 |     375642.0 |     388246.4 |     380065.8
         6 |    173 |     292906.2 |     363765.5 |     300432.4
         7 |    114 |     406027.0 |  102400000.0 |   30543113.2
         0 |    172 |     250918.9 |     970846.2 |     508206.4
         1 |    173 |     377094.5 |     440335.4 |     389368.9
         2 |    174 |      66030.4 |     384528.7 |     197589.7
         3 |    114 |     206077.7 |  102400000.0 |   14443284.3
         4 |    173 |     177346.7 |     705720.2 |     363368.9
         5 |    171 |     322519.7 |     393846.2 |     337091.9
         6 |    174 |      60851.0 |     361837.5 |     178916.6
         7 |    112 |     211177.6 |  100863408.0 |   14222059.5
         0 |    172 |     340878.8 |     978499.7 |     596458.2
         1 |    173 |     358042.0 |     395443.1 |     366128.3
         2 |    174 |     104043.9 |     391138.3 |     233039.6
         3 |    115 |     241851.7 |   81108912.0 |   15510703.6
         4 |    173 |     251844.6 |     722908.6 |     430899.7
         5 |    172 |     315076.9 |     346766.0 |     321166.6
         6 |    174 |      93910.5 |     367288.4 |     210625.9
         7 |    110 |     241680.4 |   88592088.0 |   16312214.6
         0 |    171 |     760490.2 |     972921.6 |     813693.7
         1 |    173 |     380457.0 |     390690.6 |     386034.1
         2 |    174 |     279705.0 |     381307.0 |     311613.0
         3 |    114 |     376470.6 |   85056456.0 |   25077115.0
         4 |    173 |     558038.1 |     711605.3 |     596019.7
         5 |    172 |     330322.6 |     338512.4 |     333881.0
         6 |    174 |     253152.0 |     354325.2 |     282073.9
         7 |    111 |     366499.7 |   94636824.0 |   27143970.3
         0 |    172 |     245681.4 |     968092.6 |     529103.4
         1 |    173 |     346414.1 |     403149.6 |     357122.6
         2 |    174 |      66286.9 |     379610.7 |     204631.9
         3 |    111 |     192916.4 |   99826352.0 |   13679725.4
         4 |    173 |     174803.7 |     702814.0 |     379861.7
         5 |    172 |     303317.5 |     350325.0 |     312461.0
         6 |    174 |      60894.4 |     355802.7 |     183575.0
         7 |    112 |     213422.3 |  102041264.0 |   15378177.8
         0 |    172 |     687248.3 |     933029.6 |     759773.9
         1 |    173 |     359550.6 |     376055.8 |     364199.6
         2 |    174 |     242539.1 |     364542.5 |     292360.2
         3 |    115 |     348180.9 |   80289128.0 |   23258103.5
         4 |    173 |     507433.1 |     683806.4 |     556187.4
         5 |    172 |     315368.0 |     323436.5 |     319096.6
         6 |    174 |     221453.3 |     345712.3 |     265443.0
         7 |    113 |     343624.2 |   88502360.0 |   24302628.2
         0 |    172 |     770794.1 |     947271.1 |     819639.0
         1 |    173 |     381947.0 |     390243.9 |     386013.6
         2 |    174 |     276981.3 |     365714.3 |     314393.2
         3 |    113 |     386269.3 |   92336736.0 |   26982351.5
         4 |    173 |     567784.9 |     690026.9 |     601093.1
         5 |    172 |     329366.3 |     337174.8 |     332755.9
         6 |    174 |     251103.5 |     346766.0 |     284257.0
         7 |    112 |     381520.1 |   98365480.0 |   27521414.7
         0 |    172 |     252030.5 |     959250.6 |     499106.9
         1 |    173 |     337842.3 |     401726.2 |     351025.6
         2 |    173 |      65979.4 |     368080.5 |     192307.0
         3 |    111 |     179586.1 |   98698792.0 |   12442727.6
         4 |    173 |     180154.8 |     689330.2 |     356911.6
         5 |    172 |     294930.9 |     350325.0 |     306344.3
         6 |    174 |      60677.9 |     351407.0 |     174212.9
         7 |    112 |     180536.0 |  102400000.0 |   13393081.4
         0 |    172 |     959250.6 |    1033299.7 |     980219.8
         1 |    173 |    2746228.7 |    3791715.0 |    3227656.4
         2 |    174 |     324358.6 |     357292.4 |     331725.1
         3 |    174 |     446381.9 |     531120.3 |     480140.7
         4 |    174 |     704991.4 |     776051.6 |     718712.0
         5 |    172 |    2307605.7 |    3333469.0 |    2716245.3
         6 |    173 |     309085.4 |     358417.9 |     316141.6
         7 |    172 |     426577.8 |     501469.2 |     456149.6
         0 |    172 |     955223.9 |    1086760.4 |     982877.3
         1 |    173 |    1994157.7 |    2511342.7 |    2227614.3
         2 |    174 |     321305.3 |     368080.5 |     328667.7
         3 |    174 |     409927.9 |     461781.3 |     429320.8
         4 |    174 |     699931.6 |     822324.8 |     721769.7
         5 |    172 |    1714883.9 |    2290187.2 |    1954060.9
         6 |    173 |     307692.3 |     376886.3 |     314359.6
         7 |    173 |     407724.5 |     476944.6 |     433660.8
         0 |    172 |     929219.6 |    1099892.6 |     966069.2
         1 |    173 |    1556526.8 |    1894542.1 |    1713024.2
         2 |    174 |     315951.9 |     377094.5 |     323185.3
         3 |    173 |     395214.2 |     444927.2 |     413205.5
         4 |    174 |     677024.8 |     830326.4 |     710172.1
         5 |    173 |    1371734.8 |    1799648.5 |    1553400.5
         6 |    173 |     301975.8 |     367684.0 |     310018.5
         7 |    173 |     397284.2 |     471346.4 |     425249.7
         0 |    172 |     950568.6 |    1096359.8 |     977786.1
         1 |    173 |    1273235.9 |    1478700.4 |    1365942.8
         2 |    174 |     318903.8 |     376263.1 |     328130.7
         3 |    174 |     389131.7 |     418215.2 |     398444.9
         4 |    173 |     697072.8 |     822820.4 |     716967.6
         5 |    172 |    1150885.1 |    1418773.9 |    1260901.9
         6 |    173 |     306311.7 |     381307.0 |     314673.8
         7 |    172 |     397979.0 |     458063.1 |     418240.2
         0 |    172 |     931120.7 |    1102557.2 |     965573.1
         1 |    173 |     995624.7 |    1245363.4 |    1101503.3
         2 |    174 |     317421.0 |     377929.5 |     326079.1
         3 |    173 |     366499.7 |     419758.2 |     387612.8
         4 |    173 |     679721.2 |     830831.6 |     706548.9
         5 |    173 |     881808.4 |    1218684.9 |    1014652.9
         6 |    173 |     304128.3 |     380881.5 |     313065.4
         7 |    172 |     378768.2 |     463978.2 |     409449.2
         0 |    172 |     927326.3 |    1084171.5 |     958956.7
         1 |    173 |     869454.4 |     976400.5 |     917125.2
         2 |    175 |     315951.9 |     377511.5 |     323721.4
         3 |    174 |     364932.3 |     398443.6 |     379215.8
         4 |    173 |     677024.8 |     828814.2 |     705022.2
         5 |    172 |     783174.0 |     936228.6 |     842765.3
         6 |    173 |     303048.2 |     383233.5 |     311222.9
         7 |    172 |     381307.0 |     442619.4 |     402847.3
         0 |    172 |     931756.1 |    1077327.7 |     957093.4
         1 |    173 |     790428.4 |     865595.9 |     822609.8
         2 |    174 |     312480.9 |     368876.1 |     321157.4
         3 |    174 |     365322.9 |     393392.3 |     374826.0
         4 |    174 |     679045.1 |     806299.2 |     700122.2
         5 |    172 |     702091.2 |     816912.6 |     748016.6
         6 |    173 |     299853.6 |     368477.9 |     308380.3
         7 |    173 |     380245.1 |     432798.0 |     398630.8
         0 |    172 |     885238.8 |    1045965.2 |     917979.9
         1 |    173 |     661285.1 |     787692.3 |     712477.9
         2 |    175 |     301708.9 |     351769.2 |     311741.9
         3 |    174 |     339860.6 |     385397.1 |     354612.8
         4 |    173 |     645039.4 |     766467.1 |     667610.4
         5 |    172 |     568257.5 |     719859.4 |     629204.9
         6 |    174 |     291157.2 |     356173.9 |     300545.2
         7 |    173 |     336178.6 |     408945.7 |     361776.5
         0 |    172 |     891015.9 |    1005893.9 |     916664.5
         1 |    174 |     610978.5 |     649334.2 |     629031.9
         2 |    175 |     303048.2 |     341561.0 |     308951.5
         3 |    174 |     338512.4 |     351045.6 |     344007.7
         4 |    173 |     659368.9 |     737752.2 |     671259.5
         5 |    173 |     520193.0 |     571588.1 |     541508.6
         6 |    174 |     291157.2 |     344665.1 |     296880.3
         7 |    172 |     335517.7 |     359550.6 |     344046.1
         0 |    172 |     907600.3 |    1000732.9 |     927661.0
         1 |    173 |     582314.5 |     612623.4 |     597713.7
         2 |    174 |     304671.2 |     339522.5 |     311571.2
         3 |    173 |     343278.6 |     352860.1 |     347259.0
         4 |    173 |     671695.6 |     744186.1 |     679884.1
         5 |    172 |     493494.0 |     530707.4 |     508898.0
         6 |    173 |     292154.1 |     341561.0 |     297925.8
         7 |    172 |     339185.2 |     361837.5 |     346418.5
         0 |    171 |     848384.4 |     991287.5 |     876868.1
         1 |    173 |     522582.3 |     587830.1 |     548927.9
         2 |    174 |     289674.7 |     336842.1 |     298166.4
         3 |    174 |     322824.7 |     357666.8 |     334045.3
         4 |    174 |     619854.8 |     733787.2 |     639152.7
         5 |    172 |     426844.5 |     504061.0 |     457996.6
         6 |    173 |     279705.0 |     336842.1 |     287594.5
         7 |    172 |     311625.1 |     359550.6 |     329086.8
         0 |    172 |     866694.9 |     967406.7 |     888726.5
         1 |    173 |     502576.7 |     521384.9 |     510317.1
         2 |    174 |     292404.3 |     332899.9 |     300100.0
         3 |    173 |     324667.1 |     335188.2 |     328048.0
         4 |    173 |     635432.8 |     714584.8 |     649425.5
         5 |    172 |     411162.4 |     436673.8 |     421422.0
         6 |    174 |     281318.7 |     332251.8 |     288616.3
         7 |    173 |     318606.1 |     337508.3 |     323547.9
         0 |    172 |     875587.9 |     956562.4 |     892877.7
         1 |    173 |     492781.5 |     505554.2 |     499222.5
         2 |    174 |     294168.3 |     325285.9 |     300328.7
         3 |    174 |     328415.7 |     338848.4 |     331810.1
         4 |    173 |     642610.6 |     704264.1 |     652751.9
         5 |    172 |     401962.7 |     422355.1 |     410414.6
         6 |    174 |     281318.7 |     323130.3 |     287694.4
         7 |    172 |     320400.5 |     338848.4 |     326307.9
         0 |    172 |     854757.9 |     953223.2 |     874293.6
         1 |    173 |     486114.4 |     498903.8 |     492097.4
         2 |    174 |     288694.7 |     322215.2 |     293740.7
         3 |    174 |     328415.7 |     340199.3 |     331732.4
         4 |    173 |     630153.9 |     697785.4 |     638791.7
         5 |    172 |     395214.2 |     413403.3 |     402989.1
         6 |    173 |     276085.2 |     321911.3 |     282109.3
         7 |    172 |     319202.0 |     339860.6 |     325826.2
         0 |    172 |     828814.2 |     951230.8 |     854399.3
         1 |    173 |     479288.6 |     492426.1 |     484718.2
         2 |    174 |     282482.7 |     320400.5 |     288473.4
         3 |    174 |     323436.5 |     336842.1 |     327977.0
         4 |    173 |     609342.4 |     694237.3 |     623494.9
         5 |    172 |     389131.7 |     406510.5 |     396627.6
         6 |    173 |     271906.5 |     323743.3 |     277663.0
         7 |    172 |     314496.3 |     337842.3 |     322788.0
         0 |    171 |     837456.6 |     931120.7 |     859315.2
         1 |    173 |     473635.5 |     485423.1 |     478352.1
         2 |    174 |     283185.8 |     318606.1 |     290423.3
         3 |    174 |     321911.3 |     333224.9 |     324928.4
         4 |    174 |     611525.8 |     684492.0 |     626650.7
         5 |    172 |     384962.4 |     400782.8 |     390818.1
         6 |    174 |     271258.3 |     316831.7 |     278924.4
         7 |    172 |     313341.5 |     332575.5 |     319905.8
         0 |    172 |     807252.7 |     934946.4 |     834307.9
         1 |    173 |     442046.2 |     479625.3 |     457864.4
         2 |    175 |     276085.2 |     314786.3 |     284017.9
         3 |    173 |     306311.7 |     333876.7 |     314673.7
         4 |    174 |     589352.5 |     681077.5 |     606636.7
         5 |    172 |     347472.0 |     395443.1 |     367657.5
         6 |    174 |     265147.6 |     314786.3 |     273576.0
         7 |    173 |     296210.6 |     331606.2 |     308432.0
         0 |    171 |     815936.3 |     924187.7 |     837797.3
         1 |    173 |     436394.6 |     446090.2 |     439791.2
         2 |    174 |     276532.5 |     314206.8 |     283706.4
         3 |    173 |     309085.4 |     319500.8 |     311504.6
         4 |    173 |     599707.2 |     675684.6 |     612653.8
         5 |    173 |     346062.8 |     360690.4 |     352001.2
         6 |    174 |     266181.4 |     315368.0 |     273197.1
         7 |    173 |     302243.2 |     319500.8 |     307295.6
         0 |    172 |     806299.2 |     908204.0 |     825808.3
         1 |    173 |     433347.4 |     442906.6 |     437013.2
         2 |    174 |     274530.8 |     309365.6 |     279819.6
         3 |    174 |     308805.8 |     321911.3 |     312741.7
         4 |    174 |     589861.8 |     665151.0 |     602593.8
         5 |    172 |     343970.4 |     357292.4 |     349745.3
         6 |    174 |     263713.6 |     307692.3 |     269718.8
         7 |    172 |     300911.0 |     319800.1 |     307468.9
         0 |    172 |     806775.6 |     904593.6 |     827281.3
         1 |    173 |     432249.9 |     440619.6 |     435263.3
         2 |    174 |     272123.3 |     307692.3 |     280118.0
         3 |    174 |     308805.8 |     319500.8 |     311222.1
         4 |    174 |     589352.5 |     660645.2 |     603696.1
         5 |    172 |     343278.6 |     355062.4 |     348705.3
         6 |    173 |     261491.3 |     309646.2 |     269452.0
         7 |    172 |     301176.5 |     317421.0 |     306076.7
         0 |    172 |     826306.3 |     905793.9 |     846438.0
         1 |    173 |     433622.7 |     441760.1 |     436239.1
         2 |    175 |     280394.3 |     307138.6 |     285456.4
         3 |    173 |     312480.9 |     323130.3 |     315037.8
         4 |    173 |     609342.4 |     663212.4 |     618185.8
         5 |    172 |     343624.2 |     356173.9 |     349879.0
         6 |    174 |     266389.2 |     306311.7 |     273026.5
         7 |    173 |     305216.1 |     320400.5 |     310258.2
         0 |    172 |     789058.0 |     899824.3 |     811745.1
         1 |    173 |     409927.9 |     440619.6 |     422581.8
         2 |    174 |     268907.6 |     305489.2 |     276832.5
         3 |    174 |     298803.6 |     323130.3 |     305927.3
         4 |    174 |     577389.3 |     658097.7 |     591773.5
         5 |    172 |     323436.5 |     356546.0 |     336831.0
         6 |    173 |     258716.5 |     304399.5 |     266638.0
         7 |    172 |     288207.2 |     320400.5 |     299319.9
         0 |    171 |     799687.6 |     888696.0 |     816827.7
         1 |    173 |     407481.1 |     414658.8 |     410087.3
         2 |    174 |     271042.9 |     302511.1 |     277314.5
         3 |    174 |     300911.0 |     309927.4 |     302856.9
         4 |    173 |     587324.4 |     652437.1 |     597797.5
         5 |    172 |     322519.7 |     333876.7 |     327448.9
         6 |    174 |     260493.5 |     304671.2 |     266950.5
         7 |    173 |     293409.8 |     306862.4 |     297374.8
         0 |    171 |     790428.4 |     896280.1 |     809366.2
         1 |    173 |     408212.1 |     414910.8 |     411109.5
         2 |    175 |     270184.7 |     303317.5 |     274641.4
         3 |    174 |     301708.9 |     313341.5 |     305316.2
         4 |    174 |     578858.1 |     653686.6 |     590826.2
         5 |    172 |     324050.6 |     334203.7 |     328915.4
         6 |    173 |     259109.3 |     303317.5 |     264450.8
         7 |    173 |     293915.0 |     311909.8 |     300338.7
         0 |    172 |     790428.4 |     879536.2 |     810995.7
         1 |    173 |     409436.2 |     416938.1 |     412272.0
         2 |    175 |     267223.4 |     299590.4 |     274746.7
         3 |    174 |     302779.4 |     313054.1 |     305181.2
         4 |    173 |     576901.4 |     645039.4 |     590816.5
         5 |    172 |     325907.1 |     335517.7 |     330309.0
         6 |    174 |     256000.0 |     299590.4 |     264075.3
         7 |    172 |     294676.2 |     310491.2 |     299787.6
         0 |    172 |     792263.1 |     884092.4 |     811611.8
         1 |    172 |     412404.3 |     419500.2 |     414969.4
         2 |    174 |     268273.5 |     297501.4 |     273872.1
         3 |    173 |     304399.5 |     313629.4 |     306772.4
         4 |    173 |     581818.2 |     642610.6 |     592147.5
         5 |    172 |     326843.3 |     337174.8 |     332115.4
         6 |    173 |     256963.6 |     299065.4 |     263224.8
         7 |    172 |     295953.7 |     311625.1 |     301496.5
         0 |    171 |     806299.2 |     868901.1 |     820274.7
         1 |    173 |     413403.3 |     420793.1 |     415993.5
         2 |    174 |     271906.5 |     293157.8 |     276551.7
         3 |    174 |     304671.2 |     313341.5 |     306985.5
         4 |    173 |     590882.9 |     628992.6 |     598894.9
         5 |    172 |     328731.9 |     337842.3 |     332956.1
         6 |    173 |     260493.5 |     294676.2 |     264987.0
         7 |    172 |     296467.9 |     310209.0 |     301734.1
         0 |    172 |     786784.5 |     861227.9 |     805033.1
         1 |    173 |     413153.1 |     421312.5 |     415914.0
         2 |    174 |     265147.6 |     290661.4 |     271247.2
         3 |    174 |     301975.8 |     313917.8 |     305215.8
         4 |    173 |     576901.4 |     628992.6 |     587888.0
         5 |    172 |     328415.7 |     339185.2 |     333018.3
         6 |    173 |     255425.3 |     290661.4 |     260704.9
         7 |    172 |     294676.2 |     309646.2 |     299557.1
         0 |    172 |     767328.6 |     855293.4 |     787113.6
         1 |    173 |     411410.2 |     420533.9 |     415139.9
         2 |    175 |     260692.5 |     287721.3 |     266381.2
         3 |    174 |     296725.6 |     311909.8 |     302277.3
         4 |    173 |     562174.1 |     624961.9 |     574757.9
         5 |    172 |     326530.6 |     338848.4 |     332895.4
         6 |    174 |     250550.5 |     289429.1 |     256421.3
         7 |    173 |     289183.8 |     307969.9 |     296815.6
         0 |    171 |     750458.1 |     846805.9 |     772767.6
         1 |    173 |     393392.3 |     420533.9 |     402996.9
         2 |    174 |     257157.2 |     287721.3 |     264381.7
         3 |    174 |     286033.5 |     306311.7 |     291880.8
         4 |    173 |     547740.1 |     619854.8 |     563173.2
         5 |    171 |     311340.8 |     338177.0 |     322183.5
         6 |    173 |     247104.2 |     288450.7 |     254727.1
         7 |    172 |     278336.5 |     304128.3 |     286321.7
         0 |    172 |     765178.4 |     839000.4 |     784914.8
         1 |    173 |     390243.9 |     399376.0 |     392987.1
         2 |    175 |     259700.7 |     285316.2 |     266156.7
         3 |    174 |     288207.2 |     297761.0 |     290727.4
         4 |    173 |     561711.4 |     612074.1 |     573495.4
         5 |    172 |     310773.9 |     319800.1 |     314702.7
         6 |    174 |     249817.0 |     287237.0 |     256110.8
         7 |    173 |     282249.2 |     294168.3 |     285740.2
         0 |    172 |     772976.1 |     837970.6 |     788025.2
         1 |    173 |     391362.5 |     397979.0 |     393909.5
         2 |    174 |     262295.1 |     282951.1 |     266499.9
         3 |    174 |     293157.8 |     300645.9 |     295092.7
         4 |    174 |     566371.7 |     610978.5 |     576782.0
         5 |    172 |     313054.1 |     321003.1 |     316424.2
         6 |    173 |     250918.9 |     285077.9 |     255877.4
         7 |    172 |     286995.5 |     298021.0 |     289992.8
         0 |    172 |     785878.8 |     843145.3 |     802154.9
         1 |    172 |     394757.1 |     402199.5 |     396802.0
         2 |    175 |     267223.4 |     284840.1 |     270919.6
         3 |    174 |     296725.6 |     302779.4 |     298501.6
         4 |    173 |     577389.3 |     615384.6 |     587160.7
         5 |    172 |     315368.0 |     323130.3 |     319118.1
         6 |    174 |     254473.2 |     288694.7 |     259459.2
         7 |    172 |     290167.2 |     301176.5 |     293413.2
         0 |    171 |     763466.9 |     843666.3 |     782511.6
         1 |    173 |     397053.1 |     405785.6 |     399769.7
         2 |    174 |     260891.7 |     287237.0 |     265167.3
         3 |    174 |     294930.9 |     305762.9 |     298969.5
         4 |    173 |     560328.3 |     617611.6 |     571450.6
         5 |    172 |     317421.0 |     324976.2 |     320995.9
         6 |    173 |     250000.0 |     285077.9 |     255322.4
         7 |    172 |     288450.7 |     303587.3 |     293697.8
         0 |    171 |     741760.3 |     844710.3 |     766117.4
         1 |    173 |     379822.0 |     404823.1 |     389581.6
         2 |    174 |     253905.3 |     285794.0 |     262377.0
         3 |    174 |     283421.0 |     304399.5 |     289545.7
         4 |    173 |     542085.8 |     614830.4 |     558189.1
         5 |    172 |     302511.1 |     328415.7 |     312337.1
         6 |    174 |     246390.8 |     289674.7 |     253261.6
         7 |    173 |     274310.2 |     302243.2 |     283846.8
         0 |    172 |     771665.4 |     832858.9 |     788937.6
         1 |    173 |     379399.8 |     385832.7 |     381184.2
         2 |    174 |     261691.8 |     284602.6 |     268025.6
         3 |    174 |     287478.9 |     294930.9 |     289550.7
         4 |    174 |     566371.7 |     608256.6 |     577350.5
         5 |    172 |     301975.8 |     309927.4 |     305854.3
         6 |    174 |     252403.2 |     285077.9 |     257308.2
         7 |    172 |     282016.0 |     291654.8 |     284771.4
         0 |    172 |     774291.1 |     834385.8 |     787595.2
         1 |    173 |     382589.2 |     389131.7 |     384245.2
         2 |    174 |     261491.3 |     283421.0 |     266248.5
         3 |    174 |     292154.1 |     300117.2 |     294422.3
         4 |    173 |     565433.4 |     612074.1 |     575944.5
         5 |    172 |     304943.4 |     311625.1 |     308154.9
         6 |    174 |     249817.0 |     285794.0 |     255794.4
         7 |    172 |     284365.5 |     297242.4 |     289107.9
         0 |    172 |     761763.1 |     824808.7 |     778917.5
         1 |    173 |     385614.7 |     390243.9 |     387281.1
         2 |    174 |     258520.6 |     280394.3 |     263319.8
         3 |    174 |     293157.8 |     301708.9 |     295528.7
         4 |    173 |     561249.7 |     606096.5 |     570518.4
         5 |    172 |     307138.6 |     315076.9 |     311228.4
         6 |    173 |     247462.5 |     280855.7 |     252958.0
         7 |    172 |     285554.9 |     298281.4 |     290225.0
         0 |    171 |     734576.8 |     821335.5 |     753431.4
         1 |    173 |     361837.5 |     393392.3 |     374754.2
         2 |    174 |     250000.0 |     279247.3 |     256701.8
         3 |    174 |     278109.7 |     301708.9 |     284946.2
         4 |    173 |     533194.5 |     599180.8 |     548725.3
         5 |    172 |     291405.8 |     317421.0 |     301930.8
         6 |    173 |     240319.2 |     280394.3 |     247672.6
         7 |    173 |     269971.0 |     297242.4 |     278549.8
         0 |    172 |     732999.3 |     802979.8 |     747892.2
         1 |    173 |     357666.8 |     367288.4 |     361257.0
         2 |    174 |     249817.0 |     272557.9 |     254067.6
         3 |    173 |     277431.6 |     287237.0 |     280156.2
         4 |    173 |     536125.6 |     589861.8 |     545873.5
         5 |    172 |     290909.1 |     300645.9 |     294761.9
         6 |    173 |     239308.2 |     276532.5 |     245172.0
         7 |    172 |     269331.9 |     283892.4 |     274788.4
         0 |    171 |     707182.3 |     801095.3 |     725691.7
         1 |    173 |     340538.7 |     366893.6 |     350605.9
         2 |    175 |     241168.2 |     272557.9 |     248568.0
         3 |    174 |     264326.3 |     287721.3 |     270966.6
         4 |    173 |     510087.2 |     587324.4 |     527060.0
         5 |    172 |     274751.8 |     299327.7 |     285223.4
         6 |    174 |     233098.1 |     274751.8 |     240496.1
         7 |    173 |     255234.3 |     284128.8 |     264939.8
         0 |    172 |     725212.4 |     786784.5 |     738316.8
         1 |    173 |     339185.2 |     347118.7 |     342156.1
         2 |    175 |     246390.8 |     267432.8 |     250916.1
         3 |    173 |     268484.5 |     274530.8 |     270208.6
         4 |    174 |     528652.6 |     576414.3 |     539119.4
         5 |    172 |     275639.3 |     283656.5 |     278891.4
         6 |    174 |     236982.2 |     270184.7 |     241841.8
         7 |    172 |     262093.7 |     273431.2 |     265477.3
         0 |    172 |     742567.1 |     789514.3 |     754572.8
         1 |    173 |     343278.6 |     349607.4 |     345789.2
         2 |    174 |     251658.9 |     267223.4 |     255196.3
         3 |    174 |     274089.9 |     279934.4 |     276071.8
         4 |    173 |     542516.6 |     577878.1 |     552086.4
         5 |    172 |     279476.0 |     285316.2 |     282125.8
         6 |    174 |     240319.2 |     272340.4 |     244935.3
         7 |    172 |     267432.8 |     276981.3 |     271073.8
         0 |    172 |     736161.1 |     784975.1 |     748352.6
         1 |    173 |     347472.0 |     353225.2 |     349721.3
         2 |    174 |     247642.1 |     266181.4 |     252366.6
         3 |    173 |     276085.2 |     283656.5 |     278917.8
         4 |    173 |     535704.9 |     575928.0 |     547103.0
         5 |    172 |     282482.7 |     289183.8 |     285921.1
         6 |    174 |     237311.7 |     268273.5 |     242442.4
         7 |    173 |     270184.7 |     280394.3 |     273292.8
         0 |    172 |     718344.4 |     787692.3 |     732867.6
         1 |    173 |     348892.7 |     357666.8 |     352633.0
         2 |    174 |     243577.5 |     265560.2 |     247868.1
         3 |    174 |     274089.9 |     284602.6 |     277738.7
         4 |    173 |     524187.3 |     576901.4 |     534820.4
         5 |    172 |     285077.9 |     292655.0 |     288700.2
         6 |    173 |     233736.6 |     267642.4 |     238724.2
         7 |    172 |     267014.3 |     281550.7 |     272266.5
         0 |    172 |     710124.8 |     784975.1 |     723329.1
         1 |    173 |     351769.2 |     359929.7 |     354161.7
         2 |    175 |     240488.5 |     266389.2 |     245140.1
         3 |    174 |     271258.3 |     283421.0 |     275050.4
         4 |    173 |     515479.5 |     576414.3 |     527038.0
         5 |    172 |     286754.4 |     294930.9 |     290550.4
         6 |    173 |     231674.2 |     271042.9 |     236864.2
         7 |    173 |     264531.1 |     279705.0 |     270007.5
         0 |    172 |     725212.4 |     785426.6 |     740560.2
         1 |    173 |     353591.2 |     361071.9 |     356248.4
         2 |    174 |     244624.9 |     269119.6 |     250537.5
         3 |    173 |     273870.0 |     281087.0 |     276095.1
         4 |    173 |     529062.3 |     574957.9 |     540324.2
         5 |    172 |     289183.8 |     296467.9 |     292626.1
         6 |    173 |     235673.2 |     269119.6 |     240731.2
         7 |    172 |     266597.2 |     278336.5 |     271134.0
         0 |    171 |     727531.1 |     780934.3 |     739870.3
         1 |    173 |     355802.7 |     363378.3 |     358581.3
         2 |    174 |     244624.9 |     265766.9 |     249097.5
         3 |    173 |     274089.9 |     283656.5 |     277863.5
         4 |    173 |     530707.4 |     570155.9 |     539703.5
         5 |    172 |     290661.4 |     298281.4 |     294716.6
         6 |    174 |     235024.1 |     267852.5 |     239427.3
         7 |    173 |     268695.9 |     281087.0 |     272771.8
         0 |    172 |     702091.2 |     766897.6 |     720338.2
         1 |    173 |     342246.0 |     362991.8 |     351631.1
         2 |    174 |     239308.2 |     260096.5 |     244221.3
         3 |    174 |     264736.3 |     283185.8 |     270267.9
         4 |    173 |     512769.2 |     562174.1 |     524848.5
         5 |    172 |     279247.3 |     299065.4 |     287965.4
         6 |    174 |     229957.3 |     263510.0 |     235255.0
         7 |    173 |     256192.1 |     279476.0 |     264382.5
         0 |    172 |     704991.4 |     752941.2 |     721089.1
         1 |    173 |     341561.0 |     348892.7 |     344115.2
         2 |    175 |     239308.2 |     257157.2 |     243684.7
         3 |    173 |     264531.1 |     272340.4 |     266657.8
         4 |    173 |     519006.6 |     556673.0 |     526421.4
         5 |    172 |     279476.0 |     286754.4 |     282819.6
         6 |    174 |     229802.5 |     261291.1 |     234564.7
         7 |    172 |     259109.3 |     268907.6 |     262515.9
         0 |    172 |     707915.7 |     757116.4 |     720035.3
         1 |    173 |     342246.0 |     351045.6 |     345260.4
         2 |    174 |     237642.1 |     255425.3 |     241945.0
         3 |    174 |     264941.8 |     274089.9 |     268282.7
         4 |    173 |     514314.4 |     553513.5 |     524470.5
         5 |    172 |     280164.2 |     289920.7 |     284103.5
         6 |    173 |     227202.1 |     257545.3 |     232757.3
         7 |    173 |     259700.7 |     272557.9 |     263965.5
         0 |    172 |     699931.6 |     749085.6 |     711534.8
         1 |    173 |     342933.7 |     351407.0 |     346524.6
         2 |    174 |     234700.9 |     251658.9 |     238859.6
         3 |    174 |     264941.8 |     273431.2 |     267456.3
         4 |    173 |     508567.2 |     547740.1 |     518574.0
         5 |    172 |     281550.7 |     289674.7 |     286300.4
         6 |    174 |     225550.7 |     255425.3 |     230104.9
         7 |    172 |     259109.3 |     272123.3 |     263605.7
         0 |    172 |     683806.4 |     750458.1 |     700566.5
         1 |    173 |     330963.2 |     352860.1 |     339660.3
         2 |    175 |     231831.6 |     256192.1 |     236920.5
         3 |    174 |     254853.2 |     274751.8 |     260789.4
         4 |    173 |     495643.7 |     550833.8 |     509382.3
         5 |    172 |     270184.7 |     292906.2 |     280107.3
         6 |    173 |     223337.0 |     257545.3 |     228699.9
         7 |    173 |     248182.3 |     273650.5 |     256839.0
         0 |    172 |     710864.3 |     752111.6 |     722366.3
         1 |    173 |     330322.6 |     339185.2 |     334963.2
         2 |    174 |     238973.2 |     253905.3 |     243345.8
         3 |    174 |     260891.7 |     267432.8 |     263109.0
         4 |    173 |     519797.0 |     553065.1 |     527935.1
         5 |    172 |     272775.7 |     281550.7 |     277303.4
         6 |    173 |     229493.5 |     258912.8 |     233491.4
         7 |    172 |     257739.8 |     270184.7 |     261424.0
         0 |    172 |     695652.2 |     758378.1 |     708527.1
         1 |    173 |     336510.0 |     343970.4 |     339121.6
         2 |    174 |     235186.0 |     255808.1 |     239336.1
         3 |    174 |     262698.8 |     272557.9 |     266104.9
         4 |    173 |     507056.2 |     555766.6 |     517847.9
         5 |    172 |     276532.5 |     286273.4 |     281708.6
         6 |    173 |     226448.5 |     258324.9 |     230408.1
         7 |    173 |     258324.9 |     275862.1 |     264927.6
         0 |    172 |     692125.7 |     756696.8 |     705393.5
         1 |    173 |     341219.6 |     349249.7 |     344321.0
         2 |    174 |     234217.8 |     258716.5 |     238065.2
         3 |    173 |     263917.5 |     275862.1 |     267033.0
         4 |    174 |     505928.8 |     557582.4 |     514770.7
         5 |    172 |     282951.1 |     293409.8 |     286745.3
         6 |    173 |     225104.4 |     259700.7 |     229218.3
         7 |    173 |     258912.8 |     278109.7 |     266049.1
         0 |    172 |     699931.6 |     754605.8 |     711734.2
         1 |    173 |     347472.0 |     356918.8 |     351922.8
         2 |    174 |     236162.4 |     259700.7 |     239816.1
         3 |    174 |     266597.2 |     279019.1 |     270036.3
         4 |    173 |     512769.2 |     558038.1 |     521014.3
         5 |    172 |     290661.4 |     300645.9 |     294997.8
         6 |    174 |     225699.8 |     258520.6 |     230166.8
         7 |    173 |     264941.8 |     284840.1 |     271950.6
         0 |    172 |     709386.9 |     761338.3 |     723008.4
         1 |    173 |     355802.7 |     367288.4 |     360591.1
         2 |    174 |     235024.1 |     257739.8 |     242337.3
         3 |    173 |     270613.1 |     280164.2 |     274230.5
         4 |    173 |     516649.8 |     561249.7 |     529800.3
         5 |    172 |     298803.6 |     311057.1 |     304290.3
         6 |    174 |     224659.9 |     258716.5 |     231957.6
         7 |    172 |     269331.9 |     291405.8 |     277167.6
         0 |    172 |     679721.2 |     776934.8 |     706550.5
         1 |    173 |     359172.2 |     379822.0 |     365480.2
         2 |    174 |     219742.5 |     259898.5 |     235380.6
         3 |    174 |     267223.4 |     285077.9 |     273064.9
         4 |    173 |     481655.7 |     564965.5 |     517625.0
         5 |    172 |     296725.6 |     316244.6 |     308773.4
         6 |    173 |     205457.5 |     257351.1 |     223113.5
         7 |    173 |     263713.6 |     293157.8 |     276357.8
         0 |     20 |     676354.0 |  101213896.0 |   21684902.5
         1 |      8 |      93023.3 |  102400000.0 |   42446993.9
         2 |     18 |     153707.6 |  102400000.0 |   26251224.9
         3 |     23 |     189699.9 |  102400000.0 |   50366444.5
         4 |     13 |      98046.7 |  100979968.0 |   19034917.9
         5 |     18 |      49023.4 |  100979968.0 |   53932175.8
         6 |    169 |       2230.9 |  101213896.0 |   18587232.5
         7 |     13 |     200000.0 |  102280144.0 |   62429772.5
         0 |     16 |    1488372.1 |  102400000.0 |   38742757.3
         1 |     10 |      72418.7 |  100054960.0 |   31015481.1
         2 |     11 |     186046.5 |  102400000.0 |   31522760.6
         3 |     17 |      91428.6 |  102400000.0 |   39757432.3
         4 |     13 |      49363.7 |   60878772.0 |   11962974.2
         5 |     22 |      19728.7 |  102280144.0 |   31784550.4
         6 |    206 |       2219.8 |  102280144.0 |   21650291.8
         7 |     10 |      12456.2 |   92728688.0 |   10525572.5
         0 |     18 |       1951.7 |   25600000.0 |    7185795.9
         1 |      8 |     359550.6 |   98698792.0 |   26080722.8
         2 |     12 |      98159.5 |  101922240.0 |   42993098.0
         3 |     86 |       1940.3 |   63534660.0 |    6875337.4
         4 |     11 |      47976.0 |  100515336.0 |   16769386.4
         5 |     17 |       2971.8 |  102400000.0 |   24139612.8
         6 |     71 |       1573.9 |   92044944.0 |   16871489.6
         7 |     92 |       3067.5 |  101213896.0 |   23524994.5
         0 |     17 |       3125.0 |  102400000.0 |   52343013.6
         1 |     17 |       8842.2 |  102400000.0 |   31017520.9
         2 |     10 |      18675.2 |   94025824.0 |   19167049.3
         3 |     27 |      24042.1 |  102400000.0 |   34766187.2
         4 |     16 |       3125.0 |  102400000.0 |   42784799.7
         5 |     14 |       2991.8 |  102400000.0 |   58235977.1
         6 |     39 |       1549.2 |  102400000.0 |   37684732.9
         7 |     29 |       3117.7 |  102400000.0 |   32299610.9
         0 |     55 |       2631.6 |  102400000.0 |   23871907.8
         1 |     38 |      35107.0 |  102400000.0 |   20151283.6
         2 |     53 |       1603.2 |  102160560.0 |   23319268.9
         3 |     61 |       1702.5 |  100399848.0 |   25979092.7
         4 |     83 |       5738.9 |  102400000.0 |   30258717.4
         5 |     40 |       7789.7 |   91658744.0 |    5756979.6
         6 |     52 |      36802.8 |  102400000.0 |   32611125.0
         7 |     73 |       1702.5 |  101922240.0 |   33998095.5
         0 |     23 |       5141.4 |  102280144.0 |   51995825.9
         1 |     30 |       3053.4 |  100979968.0 |   27512963.6
         2 |     13 |      16597.5 |  102280144.0 |   37328562.6
         3 |     40 |       5206.6 |  102400000.0 |   37566881.4
         4 |     23 |       3053.4 |   96839304.0 |   18541192.1
         5 |     45 |       5176.3 |  102160560.0 |   39327981.9
         6 |     10 |       3473.7 |  102160560.0 |   16037753.1
         7 |     33 |       2695.4 |  102160560.0 |   33194843.2
         0 |     68 |       2555.9 |  102400000.0 |   25852373.4
         1 |     81 |       2522.1 |  102160560.0 |   24876805.2
         2 |     57 |       3106.8 |  102400000.0 |   33873635.5
         3 |     73 |       2869.4 |  102400000.0 |   29436416.0
         4 |     57 |       5136.4 |   96093840.0 |   35663205.4
         5 |     62 |       3028.0 |  102160560.0 |   44760449.1
         6 |     82 |       3099.6 |  102400000.0 |   38319593.3
         7 |     59 |       3022.3 |  102400000.0 |   24422668.9
         0 |     51 |       1515.7 |  102400000.0 |   28226264.9
         1 |     47 |       1719.0 |  102160560.0 |   57915961.3
         2 |     26 |       1716.7 |  102041264.0 |   41364230.2
         3 |     34 |       1714.5 |  102280144.0 |   37132187.6
         4 |     63 |      14479.6 |  102400000.0 |   29686423.3
         5 |     27 |       2992.3 |  102400000.0 |   41641328.5
         6 |     49 |       2967.4 |  102400000.0 |   43742090.4
         7 |     42 |       3526.6 |  102400000.0 |   44947024.7
         0 |     19 |       2665.8 |  100515336.0 |   10993003.8
         1 |     24 |       2644.6 |  100515336.0 |    7062009.0
         2 |     22 |       6024.1 |  100515336.0 |   20718424.7
         3 |     13 |       2673.8 |  102400000.0 |   18721690.9
         4 |     12 |       2985.1 |  102400000.0 |   14764114.0
         5 |     19 |       2652.5 |   98698792.0 |    7702239.7
         6 |     14 |       5943.5 |  100515336.0 |   19740222.3
         7 |     21 |       2673.8 |  100515336.0 |   25466488.4
         0 |     14 |       2282.5 |   90895976.0 |   17963031.1
         1 |      5 |       1814.9 |   24563718.0 |    7960881.5
         2 |      9 |       5839.4 |   95255816.0 |   13515420.7
         3 |     13 |      11212.3 |  102400000.0 |   25526320.3
         4 |     14 |       5507.7 |  102400000.0 |   24218543.0
         5 |     15 |       2298.2 |  102160560.0 |   21486208.8
         6 |     11 |       1814.9 |   32000000.0 |    6432573.3
         7 |     13 |       2585.6 |   50499712.0 |   15134832.0
         0 |    133 |     295185.9 |     891015.9 |     816538.8
         1 |    137 |       1421.2 |   92434416.0 |    1141694.2
         2 |    135 |      63665.8 |   46811428.0 |     629182.5
         3 |    140 |       1421.2 |     440619.6 |     383958.3
         4 |    139 |       1421.2 |     601821.9 |     533465.8
         5 |    137 |       1421.2 |     449024.3 |     407421.1
         6 |    136 |       1421.2 |   92728688.0 |     955066.6
         7 |    134 |       1421.2 |   46761328.0 |    1061730.1
         0 |    158 |     152744.6 |     947271.1 |     806576.7
         1 |    160 |      80629.9 |     151389.7 |     118447.6
         2 |    161 |      50753.4 |     322519.7 |     300112.2
         3 |    161 |      43925.9 |     275416.9 |     161162.3
         4 |    162 |      97338.4 |   16671585.0 |     671247.8
         5 |    160 |      48420.7 |     150190.7 |     100948.5
         6 |    162 |      44568.2 |     297242.4 |     266341.8
         7 |    161 |     103790.8 |     796422.3 |     548007.0
         0 |    157 |      50000.0 |  101213896.0 |    2814556.4
         1 |    158 |       2401.7 |  101213896.0 |    1729032.5
         2 |    156 |       2253.5 |  101213896.0 |    1370890.8
         3 |    158 |       1864.4 |   93522656.0 |    1403816.2
         4 |    152 |      18028.2 |   90895976.0 |    1477601.1
         5 |    160 |      17772.8 |   49081444.0 |    1613689.6
         6 |    162 |       1864.4 |   93622856.0 |    1262104.9
         7 |    152 |      18028.2 |   92336736.0 |    1213114.9
         0 |    114 |     661926.3 |    1101667.6 |    1063898.0
         1 |    119 |       1421.2 |     275416.9 |     254171.5
         2 |    117 |     207581.6 |   93522656.0 |    1949137.3
         3 |    119 |     297242.4 |   46364344.0 |     814308.6
         4 |    120 |     463034.1 |   93123976.0 |    1942752.3
         5 |    115 |     251844.6 |     350684.9 |     317648.0
         6 |    115 |     229802.5 |     463348.4 |     428459.0
         7 |    114 |     650571.8 |    1012608.2 |     931815.2
         0 |    170 |    1006635.6 |    1084171.5 |    1055058.3
         1 |    173 |     350684.9 |     383664.3 |     365635.6
         2 |    172 |     344665.1 |     364932.3 |     359378.9
         3 |    173 |     529472.6 |     570155.9 |     549266.9
         4 |    173 |     768624.5 |     819363.9 |     795367.0
         5 |    171 |     500733.5 |     529883.6 |     513543.2
         6 |    173 |     522982.6 |     545987.8 |     528249.9
         7 |    172 |    1057305.1 |    1096359.8 |    1075193.0
         0 |    169 |    1051604.6 |    1144134.1 |    1079603.9
         1 |    172 |     444059.0 |     462720.3 |     452353.2
         2 |    172 |     356918.8 |     390914.3 |     364702.3
         3 |    173 |     600762.7 |     630736.1 |     608900.2
         4 |    173 |     811089.1 |     861227.9 |     824849.7
         5 |    171 |     626683.0 |     654940.8 |     637095.0
         6 |    173 |     531533.9 |     595521.9 |     540739.0
         7 |    172 |    1147982.1 |    1245363.4 |    1169791.4
         0 |    170 |    1035651.1 |    1125274.8 |    1052155.7
         1 |    172 |     495643.7 |     504061.0 |     499356.2
         2 |    172 |     349607.4 |     384312.2 |     354488.6
         3 |    173 |     598655.4 |     639001.6 |     608190.0
         4 |    173 |     782725.0 |     837970.6 |     798541.4
         5 |    171 |     680398.7 |     720619.3 |     692393.3
         6 |    174 |     512000.0 |     581818.2 |     524030.3
         7 |    172 |    1149915.8 |    1241964.9 |    1174591.6
         0 |    170 |    1027854.4 |    1131804.4 |    1053876.1
         1 |    172 |     525397.6 |     537391.8 |     529096.5
         2 |    171 |     342933.7 |     387145.6 |     353081.7
         3 |    173 |     604486.4 |     638404.0 |     613082.0
         4 |    173 |     783174.0 |     844710.3 |     795404.8
         5 |    172 |     710124.8 |     757957.1 |     725288.1
         6 |    173 |     504806.5 |     593451.2 |     520542.6
         7 |    172 |    1152828.6 |    1263807.5 |    1185101.7
         0 |    170 |     983433.4 |    1123422.9 |    1005887.8
         1 |    172 |     523383.6 |     554863.2 |     534717.6
         2 |    172 |     327470.4 |     381520.1 |     336193.0
         3 |    173 |     573991.1 |     636617.9 |     589734.5
         4 |    173 |     692125.7 |     828311.4 |     726694.9
         5 |    172 |     694237.3 |     773852.3 |     722664.6
         6 |    174 |     493137.5 |     579841.4 |     504658.8
         7 |    172 |    1091975.5 |    1254517.6 |    1133301.8
         0 |    170 |    1047570.3 |    1149915.8 |    1061731.5
         1 |    172 |     542948.1 |     557127.3 |     546356.8
         2 |    172 |     347826.1 |     391811.7 |     357180.5
         3 |    173 |     601291.8 |     632489.2 |     609197.7
         4 |    173 |     773413.9 |     849968.9 |     794833.4
         5 |    171 |     715333.6 |     766467.1 |     732202.6
         6 |    174 |     512000.0 |     604486.4 |     523032.0
         7 |    172 |    1149915.8 |    1253366.0 |    1180743.5
         0 |    169 |    1042769.9 |    1140311.8 |    1063665.8
         1 |    172 |     554863.2 |     570632.5 |     559118.3
         2 |    172 |     349249.7 |     392036.7 |     358474.3
         3 |    173 |     605558.8 |     642006.3 |     613825.3
         4 |    173 |     780041.9 |     847331.4 |     801321.7
         5 |    171 |     729085.1 |     786331.4 |     745702.9
         6 |    173 |     517433.1 |     596562.8 |     524859.9
         7 |    172 |    1153802.9 |    1259145.4 |    1180828.0
         0 |    170 |    1040386.1 |    1139360.3 |    1056531.8
         1 |    172 |     564031.9 |     579349.4 |     569985.7
         2 |    171 |     352132.1 |     392036.7 |     356155.0
         3 |    173 |     607715.1 |     642610.6 |     615655.5
         4 |    173 |     771665.4 |     841586.2 |     788691.7
         5 |    171 |     736955.8 |     791803.6 |     756253.3
         6 |    174 |     508188.6 |     595521.9 |     517707.1
         7 |    172 |    1154778.6 |    1256827.3 |    1182113.8
         0 |    170 |    1047570.3 |    1158698.8 |    1068995.2
         1 |    172 |     574957.9 |     589861.8 |     579448.6
         2 |    172 |     352860.1 |     397979.0 |     360047.4
         3 |    173 |     614830.4 |     647486.6 |     622458.8
         4 |    173 |     780041.9 |     857980.7 |     799854.2
         5 |    171 |     749085.6 |     802979.8 |     768980.0
         6 |    174 |     515869.0 |     610978.5 |     524418.8
         7 |    172 |    1162645.5 |    1259145.4 |    1189427.0
         0 |    170 |    1016377.2 |    1159682.9 |    1036995.6
         1 |    172 |     563566.3 |     599180.8 |     577661.1
         2 |    172 |     340878.8 |     396361.5 |     349049.2
         3 |    173 |     592935.8 |     656831.3 |     609001.1
         4 |    172 |     687940.9 |     852090.7 |     727345.4
         5 |    171 |     725983.7 |     807252.7 |     758444.3
         6 |    174 |     498903.8 |     603951.6 |     511340.1
         7 |    172 |    1106130.1 |    1256827.3 |    1147453.9
         0 |    170 |    1028628.8 |    1145093.6 |    1051839.7
         1 |    172 |     568730.9 |     587324.4 |     574194.5
         2 |    172 |     347118.7 |     391811.7 |     354832.1
         3 |    173 |     598130.8 |     636617.9 |     608185.6
         4 |    173 |     761763.1 |     836430.4 |     783693.8
         5 |    171 |     729864.6 |     785426.6 |     748788.6
         6 |    174 |     502947.0 |     599180.8 |     512775.8
         7 |    172 |    1140311.8 |    1235223.1 |    1162864.2
         0 |    169 |     966037.7 |    1093725.0 |     991831.7
         1 |    172 |     547300.9 |     588844.2 |     559186.5
         2 |    172 |     323743.3 |     368477.9 |     333468.6
         3 |    173 |     561249.7 |     615939.9 |     576166.1
         4 |    173 |     653686.6 |     813505.4 |     691916.6
         5 |    172 |     694237.3 |     773852.3 |     723642.2
         6 |    173 |     480638.3 |     573027.4 |     494398.1
         7 |    172 |    1064725.7 |    1211117.6 |    1098694.5
         0 |    169 |     994174.8 |    1098123.4 |    1016496.0
         1 |    172 |     548620.4 |     568730.9 |     553562.1
         2 |    172 |     334859.4 |     367288.4 |     341046.6
         3 |    173 |     576414.3 |     610432.2 |     584831.1
         4 |    173 |     746627.8 |     817891.4 |     766598.2
         5 |    171 |     701369.9 |     749085.6 |     717317.5
         6 |    173 |     496725.7 |     577389.3 |     504051.9
         7 |    172 |    1115164.8 |    1212193.0 |    1142790.1
         0 |    170 |     948587.3 |    1063896.1 |     978203.9
         1 |    172 |     545551.4 |     569205.1 |     550775.9
         2 |    172 |     320100.0 |     355802.7 |     325930.2
         3 |    172 |     563566.3 |     598655.4 |     572460.8
         4 |    173 |     725212.4 |     779596.5 |     739903.8
         5 |    171 |     698499.3 |     745812.1 |     719656.0
         6 |    173 |     459605.0 |     550833.8 |     473266.0
         7 |    172 |    1085896.1 |    1176673.4 |    1112865.8
================================================================================
5. 对比：相同配置传感器 (排除 sensor 3,7 变温) 的 ACQUIRE 阶段均值
================================================================================
  Sensor |          Run 93 (正常) |          Run 97 (漏水) |          Run 99 (修复) |   97/93 比值 |   99/93 比值
  ------ | -------------------- | -------------------- | -------------------- | ---------- | ----------
       0 |        725409±181839 |        826846± 80613 |      1113834±2877654 |      1.140 |      1.535
       1 |        721922±687750 |        592507±519889 |       590282±3151348 |      0.821 |      0.818
       2 |        278308± 72627 |        279640± 26221 |       476622±3268475 |      1.005 |      1.713
       4 |        530008±136349 |        604124± 60396 |       839796±2602585 |      1.140 |      1.584
       5 |      1221050±2122811 |        499583±459265 |       697998±1928266 |      0.409 |      0.572
       6 |        254097± 67510 |        268805± 25332 |       558153±2546309 |      1.058 |      2.197
================================================================================
6. 各 Run 传感器数据的时间覆盖情况
================================================================================
  Run 93:
    活跃传感器数: 8
    总读数: 100070
    每传感器读数: 12508
    时间跨度: 9529s (158.8min)
  Run 97:
    活跃传感器数: 8
    总读数: 152023
    每传感器读数: 19002
    时间跨度: 16028s (267.1min)
  Run 99:
    活跃传感器数: 8
    总读数: 77232
    每传感器读数: 9654
    时间跨度: 7040s (117.3min)
================================================================================
7. 检查 Run 97 是否有数据中断（每分钟读数统计）
================================================================================
      相对分钟 |    读数数 |     传感器数
  -------- | ------ | --------
         0 |    595 |        8
         1 |    692 |        8
         2 |    693 |        8
         3 |    691 |        8
         4 |    693 |        8
         5 |    691 |        8
         6 |    694 |        8
         7 |    693 |        8
         8 |    692 |        8
         9 |    691 |        8
        10 |    694 |        8
        11 |    690 |        8
        12 |    693 |        8
        13 |    692 |        8
        14 |    692 |        8
        15 |    693 |        8
        16 |    690 |        8
        17 |    695 |        8
        18 |    690 |        8
        19 |    693 |        8
        20 |    693 |        8
        21 |    692 |        8
        22 |    692 |        8
        23 |    692 |        8
        24 |    692 |        8
        25 |    693 |        8
        26 |    691 |        8
        27 |    692 |        8
        28 |    691 |        8
        29 |    692 |        8
        30 |    692 |        8
        31 |    692 |        8
        32 |    692 |        8
        33 |    692 |        8
        34 |    691 |        8
        35 |    692 |        8
        36 |    691 |        8
        37 |    693 |        8
        38 |    692 |        8
        39 |    691 |        8
        40 |    690 |        8
        41 |    693 |        8
        42 |    690 |        8
        43 |    692 |        8
        44 |    692 |        8
        45 |    692 |        8
        46 |    691 |        8
        47 |    692 |        8
        48 |    691 |        8
        49 |    692 |        8
        50 |    690 |        8
        51 |    692 |        8
        52 |    693 |        8
        53 |    690 |        8
        54 |    692 |        8
        55 |    691 |        8
        56 |    692 |        8
        57 |    690 |        8
        58 |    692 |        8
        59 |    691 |        8
        60 |    692 |        8
        61 |    692 |        8
        62 |    690 |        8
        63 |    692 |        8
        64 |    691 |        8
        65 |    693 |        8
        66 |    691 |        8
        67 |    692 |        8
        68 |    689 |        8
        69 |    693 |        8
        70 |    691 |        8
        71 |    692 |        8
        72 |    691 |        8
        73 |    691 |        8
        74 |    692 |        8
        75 |    692 |        8
        76 |    690 |        8
        77 |    693 |        8
        78 |    690 |        8
        79 |    692 |        8
        80 |    691 |        8
        81 |    692 |        8
        82 |    691 |        8
        83 |    691 |        8
        84 |    690 |        8
        85 |    692 |        8
        86 |    693 |        8
        87 |    692 |        8
        88 |    689 |        8
        89 |    692 |        8
        90 |    691 |        8
        91 |    692 |        8
        92 |    691 |        8
        93 |    691 |        8
        94 |    690 |        8
        95 |    693 |        8
        96 |    691 |        8
        97 |    693 |        8
        98 |    690 |        8
        99 |    692 |        8
       100 |    690 |        8
       101 |    692 |        8
       102 |    691 |        8
       103 |    692 |        8
       104 |    691 |        8
       105 |    692 |        8
       106 |    690 |        8
       107 |    692 |        8
       108 |    690 |        8
       109 |    693 |        8
       110 |    690 |        8
       111 |    694 |        8
       112 |    689 |        8
       113 |    693 |        8
       114 |    689 |        8
       115 |    692 |        8
       116 |    692 |        8
       117 |    690 |        8
       118 |    692 |        8
       119 |    691 |        8
       120 |    692 |        8
       121 |    691 |        8
       122 |    693 |        8
       123 |    689 |        8
       124 |    692 |        8
       125 |    693 |        8
       126 |    689 |        8
       127 |    693 |        8
       128 |    691 |        8
       129 |    690 |        8
       130 |    692 |        8
       131 |    692 |        8
       132 |    692 |        8
       133 |    691 |        8
       134 |    691 |        8
       135 |    689 |        8
       136 |    692 |        8
       137 |    692 |        8
       138 |    691 |        8
       139 |    692 |        8
       140 |    690 |        8
       141 |    694 |        8
       142 |    690 |        8
       143 |    692 |        8
       144 |    689 |        8
       145 |    693 |        8
       146 |    690 |        8
       147 |    693 |        8
       148 |    689 |        8
       149 |    693 |        8
       150 |    692 |        8
       151 |    689 |        8
       152 |    693 |        8
       153 |    689 |        8
       154 |    692 |        8
       155 |    692 |        8
       156 |    691 |        8
       157 |    691 |        8
       158 |    693 |        8
       159 |    691 |        8
       160 |    692 |        8
       161 |    690 |        8
       162 |    691 |        8
       163 |    690 |        8
       164 |    692 |        8
       165 |    691 |        8
       166 |    693 |        8
       167 |    692 |        8
       168 |    691 |        8
       169 |    690 |        8
       170 |    692 |        8
       171 |    692 |        8
       172 |    689 |        8
       173 |    692 |        8
       174 |    690 |        8
       175 |    692 |        8
       176 |    692 |        8
       177 |    691 |        8
       178 |    691 |        8
       179 |    690 |        8
       180 |    692 |        8
       181 |    690 |        8
       182 |    692 |        8
       183 |    692 |        8
       184 |    692 |        8
       185 |    690 |        8
       186 |    689 |        8
       187 |    693 |        8
       188 |    690 |        8
       189 |    692 |        8
       190 |    690 |        8
       191 |    691 |        8
       192 |    690 |        8
       193 |    693 |        8
       194 |    691 |        8
       195 |    692 |        8
       196 |    691 |        8
       197 |    690 |        8
       198 |    691 |        8
       199 |    691 |        8
       200 |    691 |        8
       201 |    692 |        8
       202 |    692 |        8
       203 |    242 |        8
       204 |    113 |        8
       205 |    129 |        8
       206 |    166 |        8
       207 |    126 |        8
       208 |    118 |        8
       209 |    153 |        8
       210 |    125 |        8
       211 |    124 |        8
       212 |    145 |        8
       213 |    162 |        8
       214 |    130 |        8
       215 |    220 |        8
       216 |    276 |        7
       217 |    180 |        8
       218 |    164 |        8
       219 |    160 |        8
       220 |    158 |        8
       221 |    140 |        8
       222 |    207 |        8
       223 |    192 |        8
       224 |     89 |        8
       225 |    150 |        8
       226 |     51 |        8
       227 |     92 |        8
       228 |     96 |        8
       229 |    268 |        8
       230 |    201 |        8
       231 |    138 |        8
       232 |    230 |        8
       233 |    197 |        8
       234 |    183 |        8
       235 |    120 |        8
       236 |    196 |        8
       237 |    399 |        8
       238 |    175 |        8
       239 |    117 |        7
       240 |    170 |        8
       241 |    348 |        8
       242 |    562 |        8
       243 |    174 |        8
       244 |    185 |        8
       245 |    217 |        8
       246 |    445 |        8
       247 |    471 |        8
       248 |    490 |        8
       249 |    271 |        8
       250 |    150 |        8
       251 |    194 |        8
       252 |    146 |        8
       253 |    122 |        8
       254 |    191 |        8
       255 |    174 |        8
       256 |    345 |        8
       257 |    205 |        8
       258 |     66 |        8
       259 |     93 |        8
       260 |     72 |        8
       261 |    116 |        8
       262 |    148 |        8
       263 |    132 |        8
       264 |     65 |        8
       265 |     27 |        8
       266 |     26 |        8
       267 |     19 |        7

